function [z] = surfFit20(x,y)
% Linear model Poly55:
%      f(x,y) = p00 + p10*x + p01*y + p20*x^2 + p11*x*y + p02*y^2 + p30*x^3 + p21*x^2*y 
%                     + p12*x*y^2 + p03*y^3 + p40*x^4 + p31*x^3*y + p22*x^2*y^2 
%                     + p13*x*y^3 + p04*y^4 + p50*x^5 + p41*x^4*y + p32*x^3*y^2 
%                     + p23*x^2*y^3 + p14*x*y^4 + p05*y^5
% Coefficients (with 95% confidence bounds):
%        p00 =       2.355  (2.286, 2.424)
%        p10 =    -0.05612  (-0.1776, 0.06538)
%        p01 =    -0.03196  (-0.1554, 0.09145)
%        p20 =     -0.2317  (-0.3096, -0.1537)
%        p11 =     0.01159  (-0.07329, 0.09647)
%        p02 =    -0.08932  (-0.1677, -0.01089)
%        p30 =     0.06654  (-0.03178, 0.1649)
%        p21 =      0.0926  (-0.0339, 0.2191)
%        p12 =     0.04508  (-0.08186, 0.172)
%        p03 =     0.01422  (-0.08598, 0.1144)
%        p40 =    -0.06075  (-0.07924, -0.04225)
%        p31 =    -0.04199  (-0.06814, -0.01585)
%        p22 =     -0.1934  (-0.2232, -0.1636)
%        p13 =     0.02814  (0.002807, 0.05347)
%        p04 =     -0.1014  (-0.1197, -0.08306)
%        p50 =    -0.01764  (-0.03682, 0.001542)
%        p41 =    -0.01434  (-0.04473, 0.01604)
%        p32 =    -0.01338  (-0.05251, 0.02574)
%        p23 =    -0.02329  (-0.0627, 0.01612)
%        p14 =    -0.01637  (-0.04651, 0.01376)
%        p05 =  -0.0001035  (-0.01947, 0.01926)
% 
% Goodness of fit:
%   SSE: 321
%   R-square: 0.7401
%   Adjusted R-square: 0.7381
%   RMSE: 0.3559

       p00 =       2.355 ;
       p10 =    -0.05612 ;
       p01 =    -0.03196 ;
       p20 =     -0.2317 ;
       p11 =     0.01159 ;
       p02 =    -0.08932 ;
       p30 =     0.06654 ;
       p21 =      0.0926 ;
       p12 =     0.04508 ;
       p03 =     0.01422 ;
       p40 =    -0.06075 ;
       p31 =    -0.04199 ;
       p22 =     -0.1934 ;
       p13 =     0.02814 ;
       p04 =     -0.1014 ;
       p50 =    -0.01764 ;
       p41 =    -0.01434 ;
       p32 =    -0.01338 ;
       p23 =    -0.02329 ;
       p14 =    -0.01637 ;
       p05 =  -0.0001035 ;


z = p00 + p10.*x + p01.*y + p20.*x.^2 + p11.*x.*y + p02.*y.^2 + p30.*x.^3 + p21.*x.^2.*y + p12.*x.*y.^2 + p03.*y.^3 + p40.*x.^4 + p31.*x.^3.*y + p22.*x.^2.*y.^2 + p13.*x.*y.^3 + p04.*y.^4 + p50.*x.^5 + p41.*x.^4.*y + p32.*x.^3.*y.^2 + p23.*x.^2.*y.^3 + p14.*x.*y.^4 + p05.*y.^5;
end